4 72 4 159 5 5 4 4 4 75 3 4 2 2 2 1 1 1 1 1 1 1 1 1 
119
0.942214 -0.216314 0.406788 0.878553 -0.159991 -0.974817 0.25437 -0.808359 -0.0815548 -0.690707 -0.713235 0.662094 -0.186492 -0.378438 -0.40074 0.762959 -0.956202 -0.880728 -0.389372 -0.17887 -0.26597 -0.149928 0.165357 -0.840302 -0.961736 
0.101919 0.950936 0.382993 0.960804 0.235826 -0.477173 0.156545 -0.943211 -0.555611 -0.149854 -0.595228 0.00997915 -0.280492 -0.228589 0.101722 -0.364423 -0.865594 -0.0321521 -0.381159 -0.137682 -0.0202119 0.298735 0.846218 0.382484 0.408351 
-0.839075 -0.327529 -0.782717 0.871693 0.538509 0.716707 -0.307339 0.559387 -0.375161 0.672184 -0.604849 0.310444 -0.369103 0.483074 -0.980231 -0.734718 -0.397951 -0.355603 -0.613044 0.564232 -0.955626 0.799004 0.862381 0.0396742 0.803695 
-0.303024 -0.9234 0.411478 -0.291266 0.689622 0.471565 -0.412547 0.323942 0.485551 0.654849 0.0413847 -0.447093 -0.28589 -0.956166 -0.284217 -0.842236 0.547577 -0.870215 0.303373 0.796621 0.806256 0.749254 0.715379 -0.625921 0.144335 
-0.16215 0.752576 0.539947 0.895445 -0.253876 -0.891855 0.590503 0.578842 0.591638 -0.334491 0.214002 0.723487 -0.355668 0.282467 -0.574582 0.998885 0.257787 0.618769 -0.356537 -0.320724 -0.407327 0.0506224 0.811231 0.36155 0.57353 
-0.68194 0.632927 -0.395842 -0.924533 -0.63083 -0.357446 0.40261 0.670182 -0.246826 -0.396477 0.418018 -0.372305 0.673529 0.00656532 0.343378 -0.853379 -0.743982 -0.106071 -0.742803 -0.291818 -0.578427 0.370543 -0.279933 -0.831483 -0.73913 
-0.565275 -0.569493 0.524274 -0.524053 0.238918 -0.512398 0.134631 0.736988 0.559922 0.607461 -0.409928 0.336437 0.495557 0.83443 0.261672 -0.0865058 0.0976915 -0.0997085 0.199399 -0.70563 0.472276 -0.451209 0.523997 0.812464 -0.919828 
0.455477 -0.802178 -0.211234 -0.212517 0.226086 -0.171039 -0.654316 0.909039 0.21852 0.66688 0.254637 -0.316664 -0.177259 0.804596 0.853178 -0.630545 0.431807 -0.626389 0.279836 -0.802397 0.121251 -0.135419 0.0160523 -0.20936 -0.70944 
0.444734 0.640916 -0.128092 -0.834102 -0.754631 0.914208 -0.901518 0.182337 0.532741 -0.224992 0.566012 0.966963 -0.249437 -0.286849 0.923658 -0.0864384 -0.770099 0.945951 0.598939 0.374355 -0.222556 -0.50156 0.280446 -0.544406 0.174019 
0.737961 0.909364 -0.322353 0.220244 -0.364972 -0.0901438 0.953853 -0.594164 -0.115674 -0.124588 0.0537698 -0.290683 0.483947 -0.300388 -0.620875 0.948837 -0.889655 -0.433503 0.120436 0.160562 0.559787 0.337845 0.157661 -0.184578 -0.2081 
0.466649 0.973473 -0.837029 0.0452585 0.659785 0.998347 -0.774094 -0.197958 0.922279 0.750232 -0.847853 0.142906 -0.181308 0.754613 0.78371 -0.194028 0.963437 0.489467 0.475162 0.0473139 -0.79506 -0.570905 0.804177 -0.200055 -0.326749 
0.33697 -0.54638 0.986738 0.113456 0.854494 -0.522367 0.584963 -0.532882 -0.150703 -0.861603 -0.962516 -0.998108 0.791933 0.0153325 -0.306814 -0.614706 0.630057 -0.627502 -0.429977 -0.617185 0.970748 -0.644597 0.265088 -0.667706 -0.133498 
0.306212 0.501566 -0.181442 0.497426 0.233307 -0.813792 0.596189 0.15606 0.894151 0.00364073 -0.810322 0.911281 -0.104556 0.73278 -0.163784 -0.716572 0.580367 0.223499 0.340097 0.00293087 -0.740855 0.44396 -0.36892 -0.445624 0.39397 
-0.538129 -0.32668 -0.508625 -0.459554 0.282973 -0.0747851 -0.912453 0.395535 -0.240056 -0.629415 -0.572249 0.209934 0.360918 -0.0443956 -0.157585 -0.52922 -0.608721 -0.776789 0.506507 0.87036 0.145341 0.746533 0.986952 -0.295978 -0.502137 
0.576139 -0.824814 -0.645237 -0.493118 0.173335 -0.76544 -0.751632 -0.670653 0.331439 0.497531 0.00485237 -0.446219 0.3945 0.365321 -0.0450569 0.729221 0.0208254 0.0131322 0.712684 0.0779337 -0.167532 0.295744 0.572251 -0.171851 -0.298041 
0.819893 -0.0508732 0.974598 0.0641218 -0.304108 0.849205 0.585951 0.0702906 -0.625424 0.493114 -0.226648 0.730027 -0.431823 0.345955 0.45814 -0.0475083 -0.472778 0.0197679 0.238383 0.506672 -0.371095 -0.993548 -0.556763 0.481651 -0.893342 
-0.395651 0.297927 -0.735789 -0.399664 0.842529 0.383583 0.88439 -0.058018 0.892 -0.15298 0.865276 0.685959 0.918078 0.142091 0.115095 0.401388 0.133601 -0.55982 -0.896444 -0.535752 -0.389688 0.513584 -0.195452 -0.966438 -0.925408 
0.66444 -0.761455 0.230898 0.696815 -0.626182 -0.242893 -0.300049 -0.922887 -0.964505 -0.434831 -0.204956 -0.692367 -0.603832 -0.607378 -0.205039 -0.0940692 0.978311 0.479417 -0.443667 -0.70629 -0.61196 0.788653 0.885542 -0.692575 -0.109623 
-0.433426 -0.586695 -0.586064 0.0253816 0.587738 0.108678 0.559248 -0.719769 0.844688 0.663939 0.821223 0.287447 -0.872048 -0.512267 0.331132 -0.656618 0.216017 0.601585 0.84632 0.107917 -0.244723 0.932678 -0.484845 -0.786488 -0.510253 
0.182778 -0.0523535 0.0954777 0.693998 0.0268509 -0.716764 -0.660783 0.216219 -0.00319471 0.306497 -0.702419 0.438207 0.950077 -0.0485503 0.0148286 -0.77651 -0.809035 0.550378 0.19973 0.865696 -0.248629 -0.71292 -0.0411915 -0.305308 0.680307 
-0.0817571 -0.0916401 -0.195997 -0.119455 0.31598 0.684079 -0.67724 -0.380928 -0.261187 0.224709 0.682082 -0.239639 0.388381 -0.47915 0.923872 -0.486888 0.878651 -0.520633 -0.280486 -0.121211 0.800175 0.540597 -0.185784 -0.465655 -0.261122 
-0.685547 0.00370354 0.245423 0.83275 0.0309871 0.800976 0.00547402 0.00182727 0.710916 0.358345 0.708058 0.335822 0.15539 -0.365114 -0.467591 -0.806202 0.154691 -0.100848 -0.959365 -0.0540978 0.778071 -0.966555 -0.886775 -0.0206468 0.98875 
-0.0786637 -0.100553 0.0121322 -0.0941624 -0.586743 0.604846 -0.351157 0.109529 0.85804 -0.917756 -0.720451 -0.627737 -0.370491 -0.841213 -0.264135 0.683181 0.223189 -0.866349 -0.721405 -0.647814 0.195598 -0.577005 0.269426 0.245301 0.782163 
-0.184884 0.650508 -0.915591 -0.342047 -0.785494 0.198451 -0.636408 -0.115472 -0.730276 0.255563 -0.751237 -0.0365374 -0.0839879 0.416154 0.292979 0.0957801 -0.223699 0.298791 -0.221427 0.479185 -0.329616 0.151141 0.233464 -0.17485 -0.703178 
-0.307771 -0.702466 -0.342645 -0.838121 -0.302756 -0.426134 -0.0293214 -0.804973 0.814929 0.509199 0.104693 -0.428243 0.517805 0.748535 0.620179 -0.648305 -0.0560088 0.66067 -0.112345 -0.18289 0.169673 -0.299642 -0.0878841 0.932014 0.361202 
0.714757 0.919083 -0.977636 0.8673 0.718143 -0.16396 0.325123 0.348751 -0.543449 0.259431 0.249327 0.438386 -0.0446124 0.199021 0.947341 -0.043152 0.744597 0.440009 -0.761733 -0.440756 0.212619 -0.510264 -0.0104395 0.542733 -0.288717 
-0.460459 -0.930706 -0.381157 -0.0982683 0.404089 -0.472862 0.608282 -0.601708 -0.913186 0.0776126 0.435185 0.153983 -0.0148834 -0.145029 0.497557 0.434144 0.664536 0.857633 0.242358 -0.69655 -0.92149 0.512114 -0.899418 -0.520863 -0.147338 
-0.311577 -0.677415 0.683416 0.177556 0.179564 -0.0651017 -0.164858 -0.764492 -0.820603 0.126304 0.789876 -0.557231 0.617105 -0.322816 0.439393 0.87066 -0.811785 0.331097 0.742677 0.164626 0.870686 -0.385905 0.0913763 -0.238111 0.0702048 
-0.0673233 0.497178 0.0712123 0.864322 0.663425 0.181302 -0.853773 0.632515 0.674596 -0.0606087 -0.650365 -0.688053 -0.102601 -0.420903 -0.114557 0.636832 -0.771267 -0.678686 -0.667905 0.51774 -0.345654 0.585094 -0.31719 0.986347 -0.461258 
-0.358267 0.603406 -0.548663 0.628451 0.36772 0.273564 -0.202945 -0.888352 -0.538546 0.658091 0.542671 0.665054 -0.431978 -0.250177 -0.730792 -0.422566 -0.0599391 0.602842 -0.0270688 -0.945241 -0.659516 -0.480106 0.854567 0.706514 0.385381 
-0.896402 0.175712 -0.815519 -0.428997 -0.14656 0.772046 -0.221616 -0.697679 0.114497 0.349967 -0.110786 0.0136742 -0.178174 -0.564295 -0.110608 -0.98111 0.490944 -0.699047 -0.881051 0.179315 -0.246934 -0.225045 -0.333879 0.489007 0.739406 
-0.796318 0.281165 -0.451601 -0.0541606 -0.276924 -0.260397 -0.484206 -0.0584301 -0.0348532 0.223019 0.285182 -0.951702 0.750331 0.810884 0.5248 0.321889 -0.0191267 0.537541 0.45384 -0.306513 0.43529 -0.0859922 0.729065 -0.597752 -0.426176 
-0.738437 -0.917806 0.439106 0.0553458 0.19638 0.55572 -0.00669174 -0.468002 0.290032 0.567166 0.354758 0.420863 -0.558495 -0.623536 0.224769 -0.31536 -0.248978 -0.569846 0.602749 0.406984 0.184881 -0.706012 0.0495977 -0.410898 0.0387586 
-0.583699 -0.222141 0.475053 0.221704 0.174327 -0.0907812 0.239804 0.383077 0.377612 0.521613 0.754304 -0.410073 -0.0902228 -0.37411 0.337019 0.284467 -0.961672 -0.82554 -0.847501 0.0475571 -0.707817 -0.276425 0.12764 -0.755159 0.0353176 
-0.417562 0.0339916 -0.703524 -0.13156 0.87247 -0.397418 0.591111 0.809472 0.788299 0.942683 -0.333548 0.0562321 -0.9073 -0.995217 -0.616692 -0.739406 0.81136 0.534463 0.72503 -0.420286 0.255554 -0.900047 0.903959 0.836416 -0.357455 
0.256727 0.805811 -0.730031 0.365064 -0.363287 0.228462 -0.238117 -0.0317571 0.258373 0.47104 0.777294 -0.0272468 0.0631454 -0.715958 0.896695 0.758939 -0.504452 -0.325674 0.393139 -0.504582 -0.508057 -0.919084 0.951324 0.902656 0.936763 
0.182216 0.511424 -0.489535 0.379449 -0.602609 -0.0438434 -0.875902 0.710628 -0.476864 -0.652834 -0.188284 -0.482614 0.707941 0.357503 0.559454 0.743963 -0.213338 0.422593 0.527408 0.149243 0.332964 0.11762 0.846606 0.912306 -0.87964 
-0.116976 -0.0110607 0.103076 0.403377 -0.444577 -0.0108801 -0.861279 0.491415 -0.785836 0.45039 -0.301835 -0.933147 0.597633 0.42358 -0.887717 0.139173 -0.917562 0.52948 0.964941 -0.238028 -0.539331 -0.537731 0.36114 -0.31175 0.42279 
-0.171695 0.315997 0.967284 -0.850839 -0.0467393 0.452486 0.939962 -0.060801 0.116843 -0.212974 0.540591 -0.278996 0.919288 0.47949 0.791381 0.745906 0.441514 0.531371 0.752209 0.380783 -0.186917 0.492084 0.461924 -0.438927 0.954222 
-0.392252 -0.573913 0.245722 -0.152989 0.713397 0.0636426 -0.358804 -0.42237 -0.765914 -0.720582 -0.814221 -0.608516 0.677504 0.813909 -0.631004 0.719468 0.0910411 0.127185 -0.401898 -0.697512 0.913598 0.839896 0.132697 0.233357 0.0242868 
0.188695 -0.603618 0.984878 0.850492 0.215186 0.636963 -0.555215 0.509103 0.490285 0.219894 -0.236847 -0.683378 0.45998 0.888658 -0.325352 -0.195396 -0.0163482 -0.764079 0.128133 -0.47004 0.0424505 -0.533801 0.402048 -0.781724 -0.433566 
-0.944092 0.653694 0.635073 -0.335799 0.223563 -0.575184 0.877292 0.64559 0.434944 0.10465 0.859682 0.683689 0.7539 0.796576 0.0573667 0.161382 0.353309 0.0602554 0.712921 0.0712291 -0.852661 -0.66708 0.380963 0.852297 0.561354 
0.676692 -0.833197 0.455526 0.0285751 0.261902 -0.218777 -0.97971 0.00567772 -0.574606 0.600961 0.350486 0.621767 0.0361553 -0.338143 0.831803 0.114156 0.613567 0.215092 -0.952071 0.538432 -0.573094 0.00209978 -0.708921 -0.834202 -0.434076 
0.483326 -0.736397 -0.632173 -0.923201 -0.238867 -0.644092 0.7451 0.893427 -0.166003 -0.0201468 -0.606888 0.0382094 0.185897 0.373598 -0.930733 -0.826587 -0.439943 -0.117218 -0.0864703 0.693732 -0.444839 -0.410474 -0.828883 0.959543 -0.957497 
-0.652122 -0.208429 0.935848 0.797046 -0.0509609 -0.49917 0.446312 -0.83112 -0.639837 0.253008 0.303832 0.496986 0.83601 0.825762 0.580178 -0.941031 0.0877632 -0.964256 -0.252498 0.27365 -0.764239 -0.559834 0.876623 -0.605457 0.0783896 
-0.505641 -0.314268 0.0929951 0.9689 0.303109 0.359962 -0.124313 0.670576 0.376693 -0.914069 -0.752966 0.903543 -0.151311 0.917628 0.578437 -0.212576 -0.761351 -0.0306936 0.133393 -0.0608055 0.0417103 -0.97574 0.729498 0.679738 0.353809 
0.471301 -0.836934 -0.355376 -0.803982 -0.52043 -0.867735 -0.0163893 0.545761 0.599823 -0.769772 0.439217 -0.0798652 -0.294839 0.63584 0.560242 -0.0183438 -0.304642 -0.112129 -0.549154 0.375482 0.717821 0.416467 -0.436259 -0.202341 -0.752202 
-0.266064 0.267815 -0.829272 0.431709 -0.258907 0.549531 -0.0277639 -0.627067 0.880995 0.881458 0.660055 -0.458461 0.648848 -0.819634 0.406561 -0.933985 0.521893 -0.551471 -0.570895 0.959609 0.140417 -0.00504977 -0.87141 0.210955 -0.483821 
0.419534 -0.892229 0.304253 -0.414124 -0.181623 -0.541554 0.110171 -0.3604 0.749964 0.637772 -0.9579 0.579165 0.0201176 0.116894 0.643951 0.876091 0.458942 -0.560467 0.229849 -0.929389 -0.244975 0.697094 0.0534389 0.146772 0.790251 
-0.249506 0.549761 -0.16855 -0.817583 0.887791 -0.90389 0.315892 -0.807846 0.537281 0.0877123 0.181464 -0.128225 0.930311 -0.260739 -0.234866 0.605598 0.286504 -0.720915 -0.425524 0.217368 -0.692771 0.594223 -0.88828 0.675809 0.324375 
-0.224327 -0.263176 0.798114 -0.104908 0.805949 -0.415367 0.928983 -0.578038 0.922279 0.737882 -0.414482 -0.202293 0.0687837 0.0479125 -0.733887 -0.430433 -0.285086 0.559739 -0.470228 0.881036 -0.434095 0.165779 0.249386 -0.562515 -0.193654 
-0.736758 -0.694118 -0.0431584 0.636405 0.0616261 -0.249707 -0.82018 -0.761671 0.597944 -0.355214 -0.0831131 -0.882231 0.344948 -0.463426 -0.793084 0.636787 0.479233 0.473495 0.0328095 -0.570794 0.667088 -0.260343 0.408094 0.827872 0.0391409 
-0.15814 0.143454 -0.97695 0.401115 -0.465017 0.466623 0.528341 -0.180268 0.236953 0.474881 -0.671048 -0.296776 0.0924503 -0.187357 -0.912146 -0.441002 0.0787465 -0.506886 0.769588 0.460351 -0.877983 -0.264759 0.197098 0.633123 0.898762 
-0.514161 0.496812 -0.0806114 -0.835594 0.167177 -0.251095 -0.147534 0.391612 -0.181444 0.475074 0.561384 -0.822592 0.691413 0.57283 -0.453285 -0.355783 0.352046 0.840746 0.412534 -0.549153 0.383057 0.0463999 -0.157581 -0.462931 -0.483656 
-0.79971 -0.726875 -0.591139 0.729649 -0.785567 0.971104 -0.655421 0.346691 0.838736 0.631858 -0.368755 0.332659 0.993383 -0.204803 -0.116348 0.532984 -0.137999 0.651283 0.111056 0.518655 -0.973335 -0.837568 0.988506 -0.184033 0.96345 
0.706743 0.227236 -0.837731 0.249903 0.11314 -0.450892 -0.14742 0.315521 0.963789 0.397797 -0.228586 0.150777 0.114433 -0.731434 0.786875 -0.996115 0.298498 0.855443 -0.577219 0.67609 -0.962444 0.199373 0.862745 0.16326 -0.0847284 
-0.0307789 0.699321 -0.518954 -0.0551075 -0.191314 0.591984 -0.525728 0.0865125 0.0160413 -0.393154 0.257143 -0.190653 -0.298782 0.366105 -0.871634 0.449602 0.455197 0.501687 -0.145632 0.369953 -0.199073 0.175824 -0.92448 0.257526 0.23381 
-0.348478 -0.870643 -0.903241 -0.777155 0.358315 0.203978 0.249963 -0.872202 0.897189 -0.939818 0.470524 0.10505 -0.419532 0.917727 0.24586 0.176264 0.463753 0.297213 -0.741142 -0.36824 0.991284 0.509918 0.187355 0.870604 0.238423 
-0.831797 -0.0080144 -0.698084 -0.695712 -0.83484 0.850842 0.0975794 0.0169853 -0.527789 -0.547942 0.739131 0.571849 -0.938765 0.184196 -0.209836 -0.714438 0.438114 -0.617153 -0.490626 0.049059 0.534572 0.551673 -0.0266844 -0.484667 0.206143 
0.646102 -0.965332 -0.332209 0.566185 -0.130252 0.85311 0.215942 -0.659712 0.216383 0.754192 -0.299984 0.164696 0.0526866 -0.496838 -0.348023 0.774013 0.840537 0.900669 -0.448524 -0.348329 -0.358097 -0.537887 -0.266939 -0.437933 -0.333193 
0.031305 0.143209 0.910434 -0.338874 0.539066 0.0779993 0.934891 0.708582 -0.862064 -0.714268 -0.704979 -0.58912 0.653767 -0.141384 -0.244152 0.537214 0.95184 -0.42388 -0.151056 -0.797935 -0.900973 -0.657415 0.832268 -0.0653136 0.27452 
-0.144284 -0.973146 0.331485 -0.730319 -0.476969 -0.425131 0.816516 -0.819036 0.468266 0.151057 0.813792 -0.603468 -0.486203 0.392899 -0.548263 -0.663208 -0.543324 0.353063 -0.0769669 0.418127 -0.547822 0.762701 0.719275 0.862132 -0.154994 
-0.978465 0.93486 0.199993 -0.713689 -0.970526 0.374848 0.0647236 -0.189998 0.711276 0.411087 -0.860423 0.86869 0.0771164 0.0954216 -0.249987 0.464996 -0.808306 0.794905 -0.0368885 0.0155871 -0.0269322 -0.649109 0.422921 0.0317406 -0.535129 
0.0896952 -0.492697 -0.758718 0.221805 -0.118789 -0.488414 -0.773057 -0.775051 -0.284512 0.206396 0.902833 -0.0885119 0.380112 0.538338 -0.160893 -0.121283 -0.405477 -0.855666 0.814332 0.481522 0.945954 0.651799 0.780576 -0.86421 -0.778569 
0.590367 0.305939 -0.0866431 -0.209741 0.877289 0.593467 0.393275 -0.226795 0.249804 0.453887 0.485719 -0.520568 0.818352 0.0473195 -0.701378 -0.0635807 -0.600116 -0.157976 0.897083 -0.72157 0.577676 0.997399 -0.708566 -0.871542 -0.00249902 
-0.0010637 0.122311 -0.32254 -0.925832 -0.451201 0.660019 0.939222 -0.499328 -0.20523 0.692408 -0.700576 -0.577087 0.894865 0.000494331 0.308215 0.175146 -0.324933 0.844596 -0.882082 0.846553 0.012101 -0.619108 0.647655 -0.866535 0.149895 
-0.720153 0.389576 -0.388344 -0.892471 0.245138 0.0382067 0.140442 0.402125 0.513556 -0.666553 -0.752058 0.167828 0.678399 -0.152543 0.201636 0.893187 -0.208949 0.189254 0.795773 0.55306 -0.713605 0.437125 0.761423 -0.762026 0.62273 
0.226597 0.41034 0.584249 -0.523334 0.32867 -0.0403145 0.43367 0.693676 0.618845 0.934704 -0.427209 -0.10764 0.901288 -0.0533372 -0.438134 0.276581 0.492237 -0.97026 0.846287 -0.450777 -0.201268 -0.708852 0.316838 -0.908498 0.869272 
-0.144195 0.510968 -0.157749 0.706929 -0.652453 0.226099 0.0470192 0.251537 -0.415474 -0.871504 0.627649 0.895486 0.440433 0.351482 -0.638944 -0.733355 0.504338 0.410765 -0.269916 -0.472021 0.745679 0.628038 -0.57128 0.502916 0.517502 
-0.351018 0.438954 -0.497772 -0.0608682 0.987514 -0.852728 0.203809 -0.575732 -0.327536 -0.893179 0.347351 -0.0750087 -0.671255 0.215873 0.169432 -0.362874 -0.82443 -0.194321 0.0549106 0.882575 -0.559602 0.774874 -0.685486 -0.955468 -0.544131 
0.784549 -0.0879684 -0.48412 -0.612336 0.465338 0.929612 -0.0126426 -0.483711 0.277107 -0.661289 -0.283734 -0.722612 -0.943358 0.983403 0.05574 0.822419 0.393296 0.127238 0.493188 -0.983758 -0.0169133 -0.261816 -0.343895 0.157579 0.422954 
0.588634 -0.832276 -0.0579987 -0.78391 0.826827 0.481668 -0.612078 0.80938 -0.758004 0.232652 0.189314 -0.202233 -0.926999 -0.0754152 0.496215 -0.114705 0.144681 -0.349145 -0.0814321 -0.629414 -0.553669 0.480643 0.167953 0.791018 0.631837 
-0.720112 -0.924802 0.848049 -0.843825 -0.168705 0.579273 -0.158999 -0.301316 -0.221788 0.415784 0.0843984 0.483824 -0.369743 -0.264363 0.856806 0.346263 -0.353212 -0.440103 -0.812322 -0.702271 0.93377 -0.121569 0.798117 -0.0522055 0.581414 
-0.169127 -0.521028 -0.923461 -0.606561 -0.463672 -0.939479 0.179704 0.290745 0.550902 -0.984037 -0.709792 0.523506 0.570389 0.530874 0.400988 -0.594509 0.0867713 0.365014 0.788037 0.533791 -0.568045 0.865237 0.0446823 0.974793 -0.6468 
-0.759415 0.519489 -0.944208 0.698417 0.286385 -0.724654 0.743804 -0.879641 -0.134147 -0.604968 0.304999 0.124987 0.664104 -0.407335 -0.0771665 -0.937774 0.837849 -0.265824 0.294607 -0.532667 -0.540336 0.57237 -0.182544 -0.0230511 0.580689 
-0.360341 -0.248997 -0.889897 -0.503559 0.682938 0.146386 0.310581 -0.067368 -0.253433 0.545027 0.269081 0.446572 -0.458904 -0.791416 0.677463 0.117331 -0.0202997 0.823371 0.394699 -0.288014 -0.645318 0.143466 -0.761662 0.742591 0.726186 
-0.985548 -0.110493 0.94903 0.340256 0.685513 -0.585516 -0.764594 -0.532402 -0.0817943 -0.717405 0.568614 0.701403 0.486032 0.746845 0.222057 0.119738 0.431511 0.401284 0.376895 0.468253 -0.067064 0.855636 0.676202 0.934621 0.169992 
-0.940786 0.203338 -0.502983 0.362232 0.0320233 0.215227 -0.682111 -0.241495 -0.805445 0.886363 -0.899382 0.0882005 0.386411 0.405807 0.393151 -0.304634 0.0193542 -0.714313 0.544894 0.0400372 0.906056 0.0780715 0.147211 0.175041 -0.0864456 
-0.891533 0.0056302 0.62676 -0.0410923 -0.639012 0.127705 0.336181 0.190647 0.210986 0.0429875 0.491129 0.413218 0.961933 -0.785839 0.399127 0.125653 -0.148007 0.439269 0.798175 0.929612 -0.0030631 0.518542 -0.861979 0.726473 -0.176636 
-0.716568 0.639252 -0.0861835 -0.485459 0.886523 -0.200161 -0.107122 -0.405228 -0.667494 -0.579872 0.0912205 -0.857049 -0.419842 -0.276289 0.403532 0.170557 0.551801 0.123501 -0.318903 0.189942 0.348746 -0.625594 -0.361194 -0.584135 0.446601 
0.0304637 0.00340138 -0.832951 0.59278 0.849521 -0.0966264 0.00046201 -0.234997 0.400346 0.620864 0.856239 0.809504 -0.672652 0.739379 0.738623 0.0427184 -0.0310562 0.0377003 -0.371705 0.746833 0.0306088 0.442364 0.814119 0.901757 -0.175267 
0.288637 -0.872466 0.466932 -0.272477 0.477 0.942173 -0.90408 -0.870959 -0.205951 0.583715 0.505894 0.558994 -0.995142 0.644856 0.0997408 0.344456 -0.733472 0.541563 0.0488767 -0.528669 0.661394 0.0502085 -0.146302 -0.89058 0.0205731 
-0.228118 0.0176089 -0.0470595 -0.929723 0.13998 0.647915 -0.496181 0.692323 -0.129765 -0.955656 0.295769 0.982604 0.617457 -0.399788 0.76361 0.000918823 -0.557345 0.707439 -0.0692736 -0.281644 0.40387 -0.148782 -0.586204 -0.331858 0.458251 
-0.169524 0.808714 0.0504605 0.089439 -0.798108 0.19942 -0.355619 -0.894762 -0.26999 0.275197 -0.771145 -0.627097 0.384803 -0.614311 -0.717372 -0.876825 -0.794004 -0.832047 -0.222107 -0.957034 -0.870237 -0.0810735 -0.602608 -0.0383806 0.937474 
0.123143 -0.339072 -0.781303 0.645228 0.354528 0.555513 0.506395 0.975095 0.428413 0.339289 0.436405 0.658741 -0.534535 0.0636985 0.579891 0.21994 0.53643 -0.223759 -0.711766 -0.643707 -0.791227 -0.15195 0.179912 -0.214593 -0.669785 
0.926851 -0.418285 -0.118575 -0.897895 -0.918915 -0.210177 -0.446189 0.897438 -0.753337 0.664158 0.503999 0.709036 0.768364 -0.106189 -0.717631 0.7781 -0.469377 -0.817245 0.563051 -0.802969 0.49286 -0.499282 0.568422 -0.534159 0.396734 
-0.0942463 0.00181793 0.553981 0.762617 -0.689862 -0.516624 -0.893255 -0.934718 0.193764 0.598495 0.903162 -0.562798 -0.943023 0.608809 0.26095 -0.206515 -0.899481 0.431076 -0.8987 -0.442694 -0.351182 -0.308415 0.477078 0.246828 0.445204 
0.536251 0.771041 0.882192 -0.997745 0.896517 -0.24684 -0.644291 -0.594506 0.140773 -0.0242479 0.46476 -0.780298 -0.474107 -0.316377 0.652534 -0.85866 0.498401 0.621567 0.683824 -0.971241 0.359305 0.833948 0.160628 -0.324862 0.0511087 
0.983338 0.963022 -0.483562 0.778211 -0.604181 -0.468499 -0.0653529 -0.386229 0.646415 0.291922 0.335447 -0.137105 -0.325234 -0.2139 0.983929 0.902605 0.0858336 0.604663 0.567163 0.316221 0.728794 0.840899 0.983214 0.878892 -0.470393 
0.103332 0.700288 -0.252753 -0.0208353 -0.179349 -0.312228 0.376233 -0.64397 0.793668 -0.827451 -0.961708 0.569184 0.283039 -0.956851 0.208281 0.570968 0.262088 0.908312 -0.00415559 0.157003 0.754805 0.0128069 -0.754943 -0.325468 -0.135302 
-0.0248197 0.855919 -0.562767 -0.419643 -0.933146 0.611267 -0.437593 -0.623246 -0.892297 -0.837035 -0.0436177 0.916662 0.344309 0.795008 -0.302706 0.421759 0.51157 -0.0355773 0.0529212 -0.553834 -0.294979 0.291388 -0.636499 0.36255 -0.62086 
-0.800234 0.474908 -0.215662 -0.639035 -0.256272 0.829219 0.68233 -0.0817864 -0.583214 -0.0844701 0.310258 0.501194 -0.426102 0.496266 0.746727 0.245946 -0.382542 0.621288 -0.00512608 -0.153949 0.587461 -0.55039 -0.412185 0.409507 0.586553 
0.196438 -0.458235 0.439236 0.246541 -0.379847 -0.0885927 -0.977356 -0.42794 -0.392817 -0.069365 0.182728 -0.888617 -0.980261 0.754111 0.342955 0.0383835 -0.887761 -0.595113 -0.0559215 0.126941 -0.507736 0.474223 0.271889 -0.357713 -0.0843255 
0.740862 -0.334093 0.89639 -0.366863 0.136581 -0.475393 0.0757375 0.920947 0.362449 -0.320028 -0.706342 0.514617 -0.828504 -0.668415 -0.0472978 -0.933318 -0.27862 -0.765865 0.111534 0.54649 0.860551 -0.723169 -0.307875 -0.452395 0.597153 
0.345468 0.279646 0.0161844 0.0103707 0.301109 0.737425 -0.0913678 0.381318 0.808243 0.133509 -0.117064 0.503698 -0.349131 0.158963 -0.314713 0.619407 0.378095 0.646418 0.341385 -0.345732 -0.711469 0.343599 0.875041 0.805987 0.22458 
0.510844 -0.242052 -0.173734 0.0493509 -0.559735 0.541886 -0.521047 0.756425 -0.765171 -0.232561 -0.647175 0.93416 0.422106 0.33201 0.0913137 0.708616 -0.285323 0.568416 -0.637576 0.256401 -0.662974 -0.601025 0.567706 -0.564071 -0.337421 
0.965008 0.884038 0.033355 0.597312 -0.969446 0.527078 0.601334 0.614931 -0.849545 -0.307011 0.0696523 0.64611 -0.82225 0.441634 0.542685 0.91146 0.903744 -0.772213 -0.590039 -0.778863 -0.348917 -0.244461 -0.650323 0.0228007 -0.78838 
-0.300699 0.159625 0.819471 0.853709 0.289716 -0.743401 -0.348311 -0.059302 -0.688211 -0.766948 -0.093196 -0.345603 -0.544879 0.212567 0.607594 -0.160692 -0.755553 -0.579686 -0.786856 -0.696434 -0.968029 0.344035 0.189002 0.552065 0.55512 
-0.0986697 -0.341208 -0.683253 0.560453 -0.473609 0.0534397 0.16161 0.185897 0.378185 0.150411 -0.0418677 0.329035 0.0843829 0.223613 0.261877 -0.630115 -0.34278 0.901154 -0.308239 -0.579503 0.293571 0.0508279 0.264366 -0.798641 -0.757422 
0.0119669 -0.872116 0.338431 0.00694364 0.701817 -0.555856 -0.267229 0.689808 -0.393974 0.471604 0.255481 -0.136614 -0.0665678 -0.804491 0.921701 -0.966784 -0.745629 0.220607 -0.260201 0.80459 0.750903 0.43364 0.181456 -0.266313 0.0775771 
-0.161043 -0.657794 0.460461 0.970621 -0.776124 -0.314588 0.711584 -0.414227 0.0835681 0.529251 -0.876758 0.334057 0.498584 -0.293387 -0.961619 0.0682942 -0.179793 0.220194 0.80645 0.00422552 -0.981608 0.116369 -0.183098 0.666356 -0.559749 
0.301742 -0.626539 -0.237281 0.0141808 0.337527 0.809152 -0.582844 0.137133 0.801093 -0.0255054 -0.669129 -0.057284 -0.772264 0.551784 -0.160408 0.0162939 -0.148726 0.35656 0.710101 0.675363 0.825367 -0.0498677 -0.125954 -0.916092 -0.754314 
0.244467 0.750626 -0.234508 0.626189 0.360789 -0.21471 -0.638539 0.0700923 0.0404954 0.606139 -0.627535 -0.978073 -0.471564 0.418824 -0.830635 -0.490083 -0.817443 -0.76206 0.0523601 0.0156724 -0.594331 -0.920065 0.465938 -0.978911 -0.557855 
0.130834 0.930212 0.069975 0.0703009 -0.453573 0.799866 -0.644983 -0.230376 0.0711758 0.251768 -0.536178 0.463945 -0.482299 0.00637693 -0.822999 -0.148631 -0.0340251 0.140855 -0.646181 -0.361504 0.204834 0.641122 -0.661213 0.986063 0.757363 
0.997747 -0.867293 -0.591059 0.0745638 -0.805902 -0.787909 -0.38215 -0.800163 -0.338849 0.966886 0.45965 -0.655777 0.359393 0.326202 0.470693 0.941921 0.871763 -0.287505 -0.0889205 -0.486588 -0.0862235 0.84152 -0.57403 0.275762 0.733433 
0.808958 0.156236 -0.134599 -0.201242 -0.272172 -0.400735 0.846059 -0.287967 0.136583 -0.442271 0.743657 0.642671 -0.630193 0.350921 -0.0710652 -0.392567 0.126978 0.113975 -0.426962 0.0474738 -0.108533 -0.12052 0.420705 0.79613 0.551769 
-0.418976 0.270849 0.162639 -0.526498 -0.853888 0.701765 0.565337 -0.382384 -0.72061 0.700012 -0.89595 -0.233634 -0.682479 -0.427895 0.360691 0.125802 0.351938 -0.971215 0.783823 -0.293348 -0.295485 -0.224406 0.4116 -0.232477 0.757095 
0.496411 -0.826143 -0.992119 -0.548812 0.117501 0.836075 -0.0931661 0.15793 0.333334 0.347786 -0.760218 -0.982172 0.640577 0.176832 0.0112974 -0.124275 -0.69649 0.100696 0.399548 -0.799497 0.855567 -0.483994 -0.490169 -0.274181 -0.153643 
-0.277471 0.549317 0.374235 -0.231335 -0.0425672 0.573609 0.643534 -0.127273 0.921524 0.0618093 0.828498 0.57035 -0.121188 -0.801369 -0.607533 -0.80762 0.329862 -0.0155314 0.964547 -0.860796 0.605889 -0.828636 -0.884295 -0.341255 0.531809 
0.109529 0.846207 0.197109 0.804301 -0.106736 0.0854461 0.0924974 0.604405 0.239729 -0.872977 -0.122007 -0.576546 -0.00536824 -0.224005 -0.850037 -0.564566 -0.661391 0.00429437 0.175458 0.926044 0.0189456 0.41916 0.814165 -0.334233 0.543612 
0.48019 0.553413 -0.795352 0.523292 0.972435 -0.284167 0.0110579 -0.150457 -0.733146 0.00995674 -0.657019 -0.511577 -0.0703292 -0.0222703 -0.297386 -0.158606 0.302355 -0.31921 -0.970297 0.223512 0.56127 -0.739176 0.66555 -0.103312 -0.366791 
-0.659019 -0.125175 0.17877 0.589749 -0.0873857 -0.690844 0.989648 -0.994104 0.0953901 -0.778658 -0.912593 0.0521794 0.978493 -0.463776 -0.677449 0.109243 0.0392664 -0.0492934 -0.47338 -0.100463 -0.486238 -0.201827 -0.104784 0.888358 0.633151 
-0.629308 -0.785536 -0.50226 0.522344 -0.971178 -0.593887 0.539263 -0.605107 -0.0351163 -0.199819 -0.349654 -0.631381 0.387778 -0.610323 0.309423 0.468373 -0.0479233 0.552675 0.804486 0.999456 -0.144893 0.777613 -0.662036 -0.836949 -0.599433 
-0.678367 0.683203 0.586551 0.170079 0.522494 -0.439489 -0.487103 -0.739903 0.456868 0.576376 -0.844307 -0.263112 -0.115039 0.547731 -0.282958 0.328453 0.315243 0.284168 0.00813239 0.681114 -0.522604 0.600167 -0.997715 -0.600498 -0.576272 
0.598556 -0.0678274 0.0255872 0.044739 -0.0718452 0.497325 0.547303 0.526659 -0.43595 0.99274 0.979265 0.501967 0.556185 -0.199215 -0.212079 -0.419021 -0.482329 -0.507941 -0.960285 0.492016 -0.686095 0.809081 0.23193 0.054497 -0.0689 
-0.00148388 -0.939563 0.763538 0.791056 -0.720938 -0.808108 0.124133 0.296659 -0.0588256 -0.681914 -0.925055 0.595356 0.152854 -0.988679 -0.729412 0.779536 -0.343983 0.674654 0.905932 0.0033949 -0.941972 0.271391 -0.732617 0.907036 0.552845 
-0.336463 -0.931158 0.0353577 0.257306 0.537463 -0.856591 -0.730684 -0.608648 0.453219 -0.751632 -0.685993 0.517374 -0.4889 -0.949406 -0.670004 -0.765505 0.157874 -0.619902 -0.691734 0.0227494 0.34906 0.656595 -0.614145 0.0711317 -0.489061 
0.359872 0.375356 0.613514 -0.674782 0.938341 0.702088 -0.0103944 -0.698328 -0.806325 0.0988451 -0.710113 -0.87661 0.811948 0.414613 0.396462 -0.660651 0.437797 0.050272 0.922045 0.806728 0.680685 0.26679 -0.0578809 -0.804371 0.942658 
-0.752979 0.68309 0.692273 -0.973087 -0.678479 0.799881 -0.403712 0.816557 -0.127952 -0.481965 -0.387783 0.537741 -0.19087 0.0478685 0.5266 0.563965 0.56802 0.708773 0.353509 -0.572481 0.320119 0.238682 -0.468001 0.305747 0.695044 
-111.511 -0.609672 344.509 -528.214 585.779 -11.6278 196.509 10.4985 73.2441 -435.453 -790.127 248.47 -0.599439 -97.1539 500.888 244.094 553.583 23.9391 0.53354 -242.872 156.485 -389.503 -54.9407 338.918 246.376 435.239 -448.672 68.501 50.0084 487.838 -492.82 712.432 -254.198 -189.113 -727.007 598.293 -74.5434 -338.739 -310.821 -11.4765 -531.111 208.842 -12.9271 106.975 -71.1064 551.167 -159.119 -547.98 447.798 -214.078 649.972 641.286 634.343 -408.283 232.191 64.9533 -929.858 -140.455 571.318 128.225 69.0034 179.44 63.5794 -365.506 396.356 -478.622 235.766 -195.105 342.221 20.2703 498.388 195.17 -259.394 567.812 744.36 -257.481 -29.2539 -11.839 148.648 -11.8425 769.968 -12.559 328.511 -421.292 -0.165757 -454.005 825.467 -334.16 358.602 48.7884 -708.529 -215.141 89.4772 -0.889578 264.486 -12.7633 -18.2291 -630.189 -324.998 -778.626 739.833 356.776 -650.343 0.240364 -473.61 467.414 -559.748 320.263 70.0593 392.481 340.105 0.718483 14.2846 288.871 -146.906 -210.682 -129.57 0.00101815 13.2856 -11.5444 
